	"Forcing timeseries from IPCC AR5 (Myhre et al., 2013) Chapter 8 updated to 2015 using GHG data from NOAA and ECLIPSE data from CICERO for ozone and aerosol; Volcanic data from Anja Schmidt; Solar data from SOURCE."													
	Rfari is not included in the total							Strat. Water.						
"Methane updated March 2017 and GHG RF timeseries updated following Etminan, M., G. Myhre, E. J. Highwood, and K. P. Shine (2016), Radiative forcing of carbon dioxide, methane, and nitrous oxide: A significant revision of the methane radiative forcing, Geophys. Res. Lett., 43, 12,614?12,623, doi:10.1002/2016GL071930. "														
	CO2	Other WMGHG	O3 (T)	O3(S)	RFari	total aerosol ERF	ERF LUC	Vapour	BC snow	contrails	Solar	Volcanic	Total	Anthro total
1750	0	0	0	0	0	0	0	0	0	0	0	0	0	0
1751	-0.02	0	0	0	0	0	0	0	0	0	-0.01	0	-0.03	-0.02
1752	-0.02	0.0111	0	0	0	0	0	0	0	0	-0.03	0	-0.0389	-0.0089
1753	-0.02	0.0111	0	0	0	-0.01	0	0	0	0	-0.03	0	-0.0489	-0.0189
1754	-0.03	0.0111	0	0	0	-0.01	0	0	0	0	-0.04	0	-0.0689	-0.0289
1755	-0.03	0.0111	0	0	0	-0.01	0	0	0	0	-0.05	-0.66	-0.7389	-0.0289
1756	-0.03	0.0111	0	0	0	-0.01	0	0	0	0	-0.05	0	-0.0789	-0.0289
1757	-0.03	0.0111	0	0	0	-0.01	0	0	0	0	-0.05	0	-0.0789	-0.0289
1758	-0.03	0.0111	0	0	0	-0.01	0	0	0	0	-0.05	0	-0.0789	-0.0289
1759	-0.03	0.0111	0	0	-0.01	-0.02	0	0	0	0	-0.1	0	-0.1389	-0.0389
1760	-0.03	0.0222	0	0	-0.01	-0.02	0	0	0	0	-0.11	-0.06	-0.1978	-0.0278
1761	-0.03	0.0222	0	0	-0.01	-0.02	0	0	0	0	-0.02	-1.09	-1.1378	-0.0278
1762	-0.03	0.0222	0.01	0	-0.01	-0.02	0	0	0	0	-0.01	-0.3	-0.3278	-0.0178
1763	-0.03	0.0222	0.01	0	-0.01	-0.02	-0.01	0	0	0	-0.02	-0.09	-0.1378	-0.0278
1764	-0.03	0.0222	0.01	0	-0.01	-0.03	-0.01	0	0	0	-0.02	-0.02	-0.0778	-0.0378
1765	-0.03	0.0222	0.01	0	-0.01	-0.03	-0.01	0	0	0	-0.05	0	-0.0878	-0.0378
1766	-0.02	0.0222	0.01	0	-0.01	-0.03	-0.01	0	0	0	-0.05	0	-0.0778	-0.0278
1767	-0.02	0.0222	0.01	0	-0.01	-0.03	-0.01	0	0	0	-0.04	0	-0.0678	-0.0278
1768	-0.02	0.0222	0.01	0	-0.01	-0.03	-0.01	0	0	0	0.02	0	-0.0078	-0.0278
1769	-0.02	0.0222	0.01	0	-0.01	-0.03	-0.01	0	0	0	0.05	0	0.0222	-0.0278
1770	-0.01	0.0222	0.01	0	-0.01	-0.04	-0.01	0	0	0	0.08	0	0.0522	-0.0278
1771	-0.01	0.0222	0.01	0	-0.01	-0.04	-0.01	0	0	0	0.06	0	0.0322	-0.0278
1772	-0.01	0.0222	0.01	0	-0.01	-0.04	-0.01	0	0	0	0.05	-0.07	-0.0478	-0.0278
1773	-0.01	0.0222	0.01	0	-0.01	-0.04	-0.01	0	0	0	0.02	-0.02	-0.0278	-0.0278
1774	0	0.0222	0.01	0	-0.01	-0.04	-0.01	0	0	0	0	0	-0.0178	-0.0178
1775	0	0.0222	0.01	0	-0.01	-0.04	-0.01	0	0	0	-0.04	0	-0.0578	-0.0178
1776	0	0.0222	0.01	0	-0.02	-0.05	-0.01	0	0	0	-0.04	0	-0.0678	-0.0278
1777	0	0.0222	0.01	0	-0.02	-0.05	-0.01	0	0	0	-0.04	0	-0.0678	-0.0278
1778	0	0.0222	0.01	0	-0.02	-0.05	-0.01	0	0	0	0.02	-0.07	-0.0778	-0.0278
1779	0	0.0222	0.01	0	-0.02	-0.05	-0.01	0	0	0	-0.03	-0.07	-0.1278	-0.0278
1780	0	0.0222	0.01	0	-0.02	-0.05	-0.01	0	0	0	-0.07	-0.02	-0.1178	-0.0278
1781	0	0.0222	0.01	0	-0.02	-0.06	-0.01	0	0	0	-0.06	0	-0.0978	-0.0378
1782	0	0.0222	0.01	0	-0.02	-0.06	-0.01	0	0	0	-0.03	0	-0.0678	-0.0378
1783	0.01	0.0222	0.01	0	-0.02	-0.06	-0.01	0	0	0	-0.07	-7.86	-7.9578	-0.0278
1784	0.01	0.0222	0.01	0	-0.02	-0.06	-0.01	0	0	0	-0.06	-0.52	-0.6078	-0.0278
1785	0.01	0.0222	0.01	0	-0.02	-0.06	-0.01	0	0.01	0	-0.05	-0.12	-0.1878	-0.0178
1786	0.02	0.0222	0.02	0	-0.02	-0.06	-0.01	0	0.01	0	-0.02	-0.03	-0.0478	0.0022
1787	0.02	0.0222	0.02	0	-0.02	-0.07	-0.01	0	0.01	0	0	0	-0.0078	-0.0078
1788	0.03	0.0222	0.02	0	-0.02	-0.07	-0.02	0	0.01	0	0.03	-0.13	-0.1078	-0.0078
1789	0.03	0.0222	0.02	0	-0.02	-0.07	-0.02	0	0.01	0	-0.03	-0.04	-0.0778	-0.0078
1790	0.04	0.0222	0.02	0	-0.02	-0.07	-0.02	0	0.01	0	-0.06	-0.01	-0.0678	0.0022
1791	0.04	0.0222	0.02	0	-0.02	-0.07	-0.02	0	0.01	0	-0.06	0	-0.0578	0.0022
1792	0.05	0.0222	0.02	0	-0.02	-0.07	-0.02	0	0.01	0	-0.05	0	-0.0378	0.0122
1793	0.06	0.0222	0.02	0	-0.02	-0.08	-0.02	0	0.01	0	-0.07	0	-0.0578	0.0122
1794	0.06	0.0222	0.02	0	-0.03	-0.08	-0.02	0	0.01	0	-0.06	-0.16	-0.2078	0.0122
1795	0.07	0.0222	0.02	0	-0.03	-0.08	-0.02	0	0.01	0	-0.03	0	-0.0078	0.0222
1796	0.07	0.0222	0.02	0	-0.03	-0.08	-0.02	0	0.01	0	-0.03	-0.78	-0.7878	0.0222
1797	0.07	0.0222	0.02	0	-0.03	-0.08	-0.02	0	0.01	0	-0.04	-0.07	-0.0878	0.0222
1798	0.08	0.0222	0.02	0	-0.03	-0.09	-0.02	0	0.01	0	-0.04	-0.02	-0.0378	0.0222
1799	0.08	0.0222	0.02	0	-0.03	-0.09	-0.02	0	0.01	0	-0.05	0	-0.0278	0.0222
1800	0.09	0.0333	0.02	0	-0.03	-0.09	-0.02	0	0.01	0	-0.06	0	-0.0167	0.0433
1801	0.09	0.0333	0.02	0	-0.03	-0.09	-0.02	0	0.01	0	-0.02	-0.15	-0.1267	0.0433
1802	0.1	0.0333	0.02	0	-0.03	-0.09	-0.02	0	0.01	0	-0.01	-0.05	-0.0067	0.0533
1803	0.1	0.0333	0.02	0	-0.03	-0.09	-0.02	0	0.01	0	-0.03	-0.01	0.0133	0.0533
1804	0.1	0.0333	0.02	0	-0.03	-0.1	-0.02	0	0.01	0	-0.04	-0.23	-0.2267	0.0433
1805	0.11	0.0333	0.02	0	-0.03	-0.1	-0.02	0	0.01	0	-0.05	-0.07	-0.0667	0.0533
1806	0.11	0.0333	0.02	0	-0.03	-0.1	-0.02	0	0.01	0	-0.04	-0.02	-0.0067	0.0533
1807	0.11	0.0333	0.02	0	-0.03	-0.1	-0.02	0	0.01	0	-0.06	0	-0.0067	0.0533
1808	0.11	0.0333	0.02	0	-0.03	-0.1	-0.02	0	0.01	0	-0.07	0	-0.0167	0.0533
1809	0.12	0.0333	0.03	0	-0.03	-0.11	-0.02	0	0.01	0	-0.06	-6.95	-6.9467	0.0633
1810	0.12	0.0333	0.03	0	-0.03	-0.11	-0.02	0	0.01	0	-0.07	-2.25	-2.2567	0.0633
1811	0.12	0.0333	0.03	0	-0.04	-0.11	-0.02	0	0.01	0	-0.07	-0.84	-0.8467	0.0633
1812	0.12	0.0333	0.03	0	-0.04	-0.11	-0.02	0	0.01	0	-0.07	-0.31	-0.3167	0.0633
1813	0.12	0.0333	0.03	0	-0.04	-0.11	-0.03	0	0.01	0	-0.07	-0.11	-0.1267	0.0533
1814	0.12	0.0333	0.03	0	-0.04	-0.11	-0.03	0	0.01	0	-0.06	0	-0.0067	0.0533
1815	0.12	0.0333	0.03	0	-0.04	-0.12	-0.03	0	0.01	0	-0.06	-11.63	-11.6467	0.0433
1816	0.11	0.0333	0.03	0	-0.04	-0.12	-0.03	0	0.01	0	-0.05	-4.55	-4.5667	0.0333
1817	0.11	0.0333	0.03	0	-0.04	-0.12	-0.03	0	0.01	0	-0.05	-2.42	-2.4367	0.0333
1818	0.11	0.0333	0.03	0	-0.04	-0.12	-0.03	0	0.01	0	-0.05	-0.92	-0.9367	0.0333
1819	0.1	0.0444	0.03	0	-0.04	-0.12	-0.03	0	0.01	0	-0.05	-0.34	-0.3556	0.0344
1820	0.1	0.0444	0.03	0	-0.04	-0.12	-0.03	0	0.01	0	-0.06	-0.04	-0.0656	0.0344
1821	0.1	0.0444	0.03	0	-0.04	-0.13	-0.03	0	0.01	0	-0.06	0	-0.0356	0.0244
1822	0.1	0.0444	0.03	0	-0.04	-0.13	-0.03	0	0.01	0	-0.07	0	-0.0456	0.0244
1823	0.1	0.0444	0.03	0	-0.04	-0.13	-0.03	0	0.01	0	-0.07	0	-0.0456	0.0244
1824	0.1	0.0444	0.03	0	-0.04	-0.13	-0.03	0	0.01	0	-0.06	0	-0.0356	0.0244
1825	0.1	0.0444	0.03	0	-0.04	-0.13	-0.03	0	0.01	0	-0.05	0	-0.0256	0.0244
1826	0.1	0.0444	0.03	0	-0.04	-0.14	-0.03	0	0.01	0	-0.04	0	-0.0256	0.0144
1827	0.1	0.0444	0.03	0	-0.04	-0.14	-0.03	0	0.01	0	-0.02	0	-0.0056	0.0144
1828	0.11	0.0555	0.03	0	-0.05	-0.14	-0.03	0	0.01	0	-0.01	0	0.0255	0.0355
1829	0.11	0.0555	0.03	0	-0.05	-0.14	-0.03	0	0.01	0	-0.01	0	0.0255	0.0355
1830	0.11	0.0444	0.03	0	-0.05	-0.14	-0.03	0	0.01	0	0	0	0.0244	0.0244
1831	0.11	0.0444	0.03	0	-0.05	-0.14	-0.03	0.01	0.01	0	0	-1.54	-1.5056	0.0344
1832	0.11	0.0444	0.03	0	-0.05	-0.15	-0.03	0.01	0.01	0	-0.02	-1.23	-1.2256	0.0244
1833	0.11	0.0444	0.04	0	-0.05	-0.15	-0.03	0.01	0.01	0	-0.03	-0.61	-0.6056	0.0344
1834	0.11	0.0444	0.04	0	-0.05	-0.15	-0.03	0.01	0.01	0	-0.04	-0.22	-0.2256	0.0344
1835	0.11	0.0444	0.04	0	-0.05	-0.15	-0.03	0.01	0.01	0	-0.03	-4.93	-4.9256	0.0344
1836	0.11	0.0444	0.04	0	-0.05	-0.15	-0.03	0.01	0.01	0	0.02	-1.45	-1.3956	0.0344
1837	0.11	0.0444	0.04	0	-0.05	-0.16	-0.03	0.01	0.01	0	0.05	-0.52	-0.4456	0.0244
1838	0.11	0.0444	0.04	0	-0.05	-0.16	-0.04	0.01	0.01	0	0.05	-0.19	-0.1256	0.0144
1839	0.11	0.0444	0.04	0	-0.05	-0.16	-0.04	0.01	0.01	0	0.03	-0.07	-0.0256	0.0144
1840	0.12	0.0444	0.04	0	-0.05	-0.16	-0.04	0.01	0.01	0	0.03	-0.05	0.0044	0.0244
1841	0.12	0.0444	0.04	0	-0.05	-0.16	-0.04	0.01	0.01	0	0.01	-0.01	0.0244	0.0244
1842	0.13	0.0444	0.04	0	-0.05	-0.16	-0.04	0.01	0.01	0	-0.01	0	0.0244	0.0344
1843	0.13	0.0444	0.04	0	-0.05	-0.17	-0.04	0.01	0.01	0	-0.01	-0.05	-0.0356	0.0244
1844	0.14	0.0444	0.04	0	-0.05	-0.17	-0.04	0.01	0.01	0	-0.02	-0.01	0.0044	0.0344
1845	0.15	0.0444	0.04	0	-0.06	-0.17	-0.04	0.01	0.01	0	-0.03	0	0.0144	0.0444
1846	0.16	0.0444	0.04	0	-0.06	-0.17	-0.04	0.01	0.01	0	-0.02	-0.07	-0.0356	0.0544
1847	0.16	0.0444	0.04	0	-0.06	-0.17	-0.04	0.01	0.01	0	-0.06	-0.02	-0.0256	0.0544
1848	0.16	0.0555	0.04	0	-0.06	-0.17	-0.04	0.01	0.01	0	-0.02	0	0.0455	0.0655
1849	0.17	0.0555	0.04	0	-0.06	-0.18	-0.04	0.01	0.01	0	0.04	0	0.1055	0.0655
1850	0.17	0.0555	0.04	0	-0.06	-0.18	-0.04	0.01	0.01	0	0.02	-0.1	-0.0145	0.0655
1851	0.17	0.0555	0.04	0	-0.06	-0.18	-0.04	0.01	0.01	0	0.02	-0.08	0.0055	0.0655
1852	0.17	0.0555	0.04	0	-0.06	-0.18	-0.04	0.01	0.02	0	0.02	-0.03	0.0655	0.0755
1853	0.16	0.0555	0.05	0	-0.06	-0.18	-0.04	0.01	0.02	0	0.01	-0.03	0.0555	0.0755
1854	0.16	0.0555	0.05	0	-0.06	-0.19	-0.04	0.01	0.02	0	-0.01	0	0.0555	0.0655
1855	0.16	0.0555	0.05	0	-0.06	-0.19	-0.04	0.01	0.02	0	-0.03	-0.05	-0.0145	0.0655
1856	0.16	0.0555	0.05	0	-0.06	-0.19	-0.04	0.01	0.02	0	-0.04	-0.98	-0.9545	0.0655
1857	0.16	0.0555	0.05	0	-0.06	-0.19	-0.04	0.01	0.02	0	-0.04	-1.5	-1.4745	0.0655
1858	0.16	0.0666	0.05	0	-0.06	-0.19	-0.04	0.01	0.02	0	-0.02	-0.73	-0.6734	0.0766
1859	0.15	0.0666	0.05	0	-0.07	-0.19	-0.04	0.01	0.02	0	-0.01	-0.28	-0.2234	0.0666
1860	0.15	0.0666	0.05	0	-0.07	-0.2	-0.04	0.01	0.02	0	0.03	-0.13	-0.0434	0.0566
1861	0.15	0.0666	0.05	0	-0.07	-0.2	-0.04	0.01	0.02	0	0.04	-0.08	0.0166	0.0566
1862	0.15	0.0666	0.05	0	-0.07	-0.2	-0.04	0.01	0.02	0	0.01	-0.35	-0.2834	0.0566
1863	0.15	0.0666	0.05	0	-0.07	-0.2	-0.04	0.01	0.02	0	0.01	-0.25	-0.1834	0.0566
1864	0.16	0.0666	0.05	0	-0.07	-0.2	-0.04	0.01	0.02	0	-0.02	-0.13	-0.0834	0.0666
1865	0.16	0.0666	0.06	0	-0.07	-0.2	-0.05	0.01	0.02	0	-0.02	-0.05	-0.0034	0.0666
1866	0.16	0.0777	0.06	0	-0.07	-0.21	-0.05	0.01	0.02	0	-0.02	-0.03	0.0177	0.0677
1867	0.17	0.0777	0.06	0	-0.07	-0.21	-0.05	0.01	0.02	0	-0.04	0	0.0377	0.0777
1868	0.17	0.0777	0.06	0	-0.07	-0.21	-0.05	0.01	0.02	0	-0.04	0	0.0377	0.0777
1869	0.18	0.0777	0.06	0	-0.07	-0.21	-0.05	0.01	0.02	0	-0.01	-0.03	0.0477	0.0877
1870	0.19	0.0777	0.06	0	-0.07	-0.21	-0.05	0.01	0.02	0	-0.03	-0.03	0.0377	0.0977
1871	0.2	0.0777	0.06	0	-0.07	-0.22	-0.05	0.01	0.02	0	0.02	-0.03	0.0877	0.0977
1872	0.2	0.0777	0.06	0	-0.08	-0.22	-0.05	0.01	0.02	0	0.01	-0.03	0.0777	0.0977
1873	0.21	0.0888	0.06	0	-0.08	-0.22	-0.05	0.01	0.02	0	0.01	-0.08	0.0488	0.1188
1874	0.21	0.0888	0.06	0	-0.08	-0.22	-0.05	0.01	0.02	0	0	-0.05	0.0688	0.1188
1875	0.22	0.0888	0.06	0	-0.08	-0.22	-0.05	0.01	0.02	0	-0.02	-0.03	0.0788	0.1288
1876	0.22	0.0888	0.07	0	-0.08	-0.22	-0.05	0.01	0.02	0	-0.03	-0.15	-0.0412	0.1388
1877	0.22	0.0888	0.07	0	-0.08	-0.23	-0.05	0.01	0.02	0	-0.03	-0.13	-0.0312	0.1288
1878	0.22	0.0999	0.07	0	-0.08	-0.23	-0.05	0.01	0.02	0	-0.04	-0.08	0.0199	0.1399
1879	0.22	0.0999	0.07	0	-0.08	-0.23	-0.05	0.01	0.02	0	-0.04	-0.05	0.0499	0.1399
1880	0.22	0.0999	0.07	0	-0.08	-0.23	-0.05	0.01	0.02	0	-0.04	-0.03	0.0699	0.1399
1881	0.22	0.0999	0.07	0	-0.08	-0.23	-0.05	0.01	0.02	0	-0.01	-0.03	0.0999	0.1399
1882	0.23	0.0999	0.07	0	-0.08	-0.23	-0.05	0.01	0.02	0	-0.02	-0.03	0.0999	0.1499
1883	0.23	0.0999	0.07	0	-0.08	-0.24	-0.05	0.01	0.02	0	-0.03	-1.18	-1.0701	0.1399
1884	0.24	0.111	0.07	0	-0.08	-0.24	-0.05	0.01	0.02	0	0.02	-3.58	-3.399	0.161
1885	0.24	0.111	0.07	0	-0.09	-0.24	-0.05	0.01	0.02	0	0	-1.58	-1.419	0.161
1886	0.25	0.111	0.07	0	-0.09	-0.24	-0.05	0.01	0.02	0	-0.01	-0.9	-0.739	0.171
1887	0.26	0.111	0.08	0	-0.09	-0.24	-0.05	0.01	0.03	0	-0.03	-0.93	-0.759	0.201
1888	0.27	0.111	0.08	0	-0.09	-0.24	-0.05	0.01	0.03	0	-0.04	-0.55	-0.379	0.211
1889	0.27	0.1221	0.08	0	-0.09	-0.25	-0.05	0.01	0.03	0	-0.04	-0.73	-0.5579	0.2121
1890	0.28	0.1221	0.08	0	-0.09	-0.25	-0.05	0.01	0.03	0	-0.04	-0.98	-0.7979	0.2221
1891	0.29	0.1221	0.08	0	-0.09	-0.25	-0.06	0.01	0.03	0	-0.02	-0.75	-0.5479	0.2221
1892	0.3	0.1221	0.08	0	-0.09	-0.25	-0.06	0.01	0.03	0	0	-0.55	-0.3179	0.2321
1893	0.31	0.1221	0.08	0	-0.09	-0.25	-0.06	0.01	0.03	0	0.04	-0.23	0.0521	0.2421
1894	0.32	0.1221	0.08	0	-0.09	-0.26	-0.06	0.01	0.03	0	0.07	-0.1	0.2121	0.2421
1895	0.32	0.1221	0.08	0	-0.09	-0.26	-0.06	0.01	0.03	0	0.05	-0.03	0.2621	0.2421
1896	0.33	0.1221	0.08	0	-0.09	-0.26	-0.06	0.01	0.03	0	0.02	-0.45	-0.1779	0.2521
1897	0.33	0.1221	0.08	0	-0.09	-0.26	-0.06	0.01	0.03	0	0	-0.43	-0.1779	0.2521
1898	0.34	0.1221	0.09	0	-0.1	-0.26	-0.06	0.01	0.03	0	-0.01	-0.3	-0.0379	0.2721
1899	0.34	0.1332	0.09	0	-0.1	-0.26	-0.06	0.01	0.03	0	-0.02	-0.13	0.1332	0.2832
1900	0.34	0.1332	0.09	0	-0.1	-0.27	-0.06	0.01	0.03	0	-0.03	-0.05	0.1932	0.2732
1901	0.34	0.1332	0.09	0	-0.1	-0.27	-0.06	0.01	0.03	0	-0.04	-0.03	0.2032	0.2732
1902	0.34	0.1332	0.09	0	-0.1	-0.27	-0.06	0.01	0.03	0	-0.05	-0.5	-0.2768	0.2732
1903	0.35	0.1443	0.09	0	-0.1	-0.27	-0.06	0.01	0.03	0	-0.04	-1.8	-1.5457	0.2943
1904	0.36	0.1443	0.09	0	-0.1	-0.27	-0.06	0.02	0.03	0	0.01	-0.8	-0.4757	0.3143
1905	0.36	0.1443	0.09	0	-0.1	-0.28	-0.06	0.02	0.03	0	-0.02	-0.33	-0.0457	0.3043
1906	0.37	0.1554	0.09	0	-0.1	-0.28	-0.06	0.02	0.03	0	0.03	-0.18	0.1754	0.3254
1907	0.38	0.1554	0.09	0	-0.1	-0.28	-0.06	0.02	0.03	0	0	-0.23	0.1054	0.3354
1908	0.38	0.1554	0.09	0	-0.1	-0.28	-0.06	0.02	0.03	0	0.02	-0.25	0.1054	0.3354
1909	0.39	0.1665	0.1	0	-0.1	-0.28	-0.06	0.02	0.03	0	0	-0.1	0.2665	0.3665
1910	0.39	0.1665	0.1	0	-0.1	-0.29	-0.07	0.02	0.03	0	-0.01	-0.08	0.2565	0.3465
1911	0.4	0.1665	0.1	0	-0.1	-0.29	-0.07	0.02	0.03	0	-0.03	-0.05	0.2765	0.3565
1912	0.41	0.1776	0.1	0	-0.1	-0.29	-0.07	0.02	0.03	0	-0.04	-0.48	-0.1424	0.3776
1913	0.41	0.1776	0.1	0	-0.1	-0.29	-0.07	0.02	0.03	0	-0.04	-0.6	-0.2624	0.3776
1914	0.42	0.1887	0.1	0	-0.1	-0.29	-0.07	0.02	0.03	0	-0.03	-0.25	0.1187	0.3987
1915	0.43	0.1887	0.1	0	-0.1	-0.29	-0.07	0.02	0.04	0	0.01	-0.1	0.3287	0.4187
1916	0.44	0.1998	0.1	0	-0.1	-0.29	-0.07	0.02	0.04	0	0.07	-0.08	0.4298	0.4398
1917	0.44	0.1998	0.1	0	-0.1	-0.29	-0.07	0.02	0.04	0	0.09	-0.05	0.4798	0.4398
1918	0.45	0.1998	0.11	0	-0.1	-0.3	-0.07	0.02	0.04	0	0.12	-0.05	0.5198	0.4498
1919	0.46	0.2109	0.11	0	-0.1	-0.3	-0.07	0.02	0.04	0	0.07	-0.05	0.4909	0.4709
1920	0.47	0.2109	0.11	0	-0.1	-0.3	-0.07	0.02	0.04	0	0.04	-0.23	0.2909	0.4809
1921	0.47	0.222	0.11	0	-0.1	-0.3	-0.07	0.02	0.04	0	0.01	-0.2	0.302	0.492
1922	0.48	0.222	0.11	0	-0.1	-0.31	-0.07	0.02	0.04	0	-0.01	-0.08	0.402	0.492
1923	0.48	0.222	0.11	0	-0.1	-0.31	-0.07	0.02	0.04	0	-0.02	-0.03	0.442	0.492
1924	0.49	0.222	0.11	0	-0.11	-0.31	-0.07	0.02	0.04	0	-0.03	-0.08	0.392	0.502
1925	0.49	0.2331	0.11	0	-0.11	-0.32	-0.07	0.02	0.04	0	-0.02	-0.08	0.4031	0.5031
1926	0.5	0.2331	0.11	0	-0.11	-0.32	-0.08	0.02	0.04	0	0.02	-0.05	0.4731	0.5031
1927	0.5	0.2331	0.12	0	-0.11	-0.32	-0.08	0.02	0.04	0	0.06	-0.05	0.5231	0.5131
1928	0.51	0.2331	0.12	0	-0.11	-0.33	-0.08	0.03	0.04	0	0.03	-0.13	0.4231	0.5231
1929	0.52	0.2442	0.12	0	-0.11	-0.33	-0.08	0.03	0.04	0	0.03	-0.25	0.3242	0.5442
1930	0.52	0.2442	0.12	0	-0.11	-0.34	-0.08	0.03	0.04	0	0.05	-0.15	0.4342	0.5342
1931	0.53	0.2553	0.12	0	-0.12	-0.34	-0.08	0.03	0.04	0	0.01	-0.13	0.4353	0.5553
1932	0.54	0.2553	0.12	0	-0.12	-0.34	-0.08	0.03	0.04	0	-0.02	-0.2	0.3453	0.5653
1933	0.54	0.2553	0.13	0	-0.12	-0.34	-0.08	0.03	0.04	0	-0.03	-0.18	0.3653	0.5753
1934	0.55	0.2664	0.13	0	-0.12	-0.34	-0.08	0.03	0.04	0	-0.03	-0.1	0.4664	0.5964
1935	0.56	0.2664	0.13	0	-0.12	-0.34	-0.08	0.03	0.04	0	-0.01	-0.1	0.4964	0.6064
1936	0.56	0.2664	0.13	0	-0.12	-0.35	-0.08	0.03	0.04	0	0.07	-0.08	0.5864	0.5964
1937	0.57	0.2775	0.13	0	-0.12	-0.35	-0.09	0.03	0.04	0	0.09	-0.08	0.6175	0.6075
1938	0.58	0.2775	0.14	0	-0.13	-0.35	-0.09	0.03	0.04	0	0.08	-0.13	0.5775	0.6275
1939	0.58	0.2775	0.14	0	-0.13	-0.35	-0.09	0.03	0.04	0	0.09	-0.1	0.6175	0.6275
1940	0.59	0.2886	0.14	0	-0.13	-0.35	-0.09	0.03	0.04	0	0.07	-0.08	0.6386	0.6486
1941	0.59	0.2886	0.14	0	-0.13	-0.36	-0.09	0.03	0.04	0	0.06	-0.05	0.6486	0.6386
1942	0.6	0.2886	0.15	0	-0.14	-0.36	-0.09	0.03	0.04	0	0.03	-0.1	0.5886	0.6586
1943	0.6	0.2997	0.15	0	-0.14	-0.37	-0.09	0.03	0.04	0	-0.01	-0.1	0.5497	0.6597
1944	0.6	0.2997	0.15	0	-0.14	-0.37	-0.09	0.03	0.04	0	-0.01	-0.05	0.5997	0.6597
1945	0.6	0.2997	0.15	0	-0.15	-0.37	-0.09	0.03	0.04	0	0.02	-0.05	0.6297	0.6597
1946	0.6	0.3108	0.15	0	-0.15	-0.38	-0.1	0.03	0.04	0	0.02	-0.05	0.6208	0.6508
1947	0.6	0.3108	0.16	0	-0.15	-0.38	-0.1	0.03	0.04	0	0.09	-0.05	0.7008	0.6608
1948	0.6	0.3108	0.16	0	-0.15	-0.39	-0.1	0.03	0.04	0	0.15	-0.05	0.7508	0.6508
1949	0.6	0.3219	0.16	-0.01	-0.16	-0.39	-0.1	0.03	0.05	0	0.12	-0.08	0.7019	0.6619
1950	0.6	0.3219	0.16	-0.01	-0.16	-0.39	-0.1	0.03	0.05	0	0.11	-0.08	0.6919	0.6619
1951	0.61	0.333	0.17	-0.01	-0.17	-0.41	-0.1	0.03	0.05	0	0.04	-0.05	0.663	0.673
1952	0.62	0.333	0.17	-0.01	-0.18	-0.42	-0.1	0.03	0.05	0	0.05	-0.1	0.623	0.673
1953	0.62	0.3441	0.18	-0.01	-0.19	-0.44	-0.1	0.04	0.05	0	0.02	-0.08	0.6241	0.6841
1954	0.63	0.3552	0.18	-0.01	-0.19	-0.45	-0.11	0.04	0.05	0	0	-0.1	0.5852	0.6852
1955	0.64	0.3552	0.19	-0.01	-0.2	-0.47	-0.11	0.04	0.05	0	0.02	-0.05	0.6552	0.6852
1956	0.65	0.3663	0.19	-0.01	-0.21	-0.48	-0.11	0.04	0.05	0	0.06	-0.03	0.7263	0.6963
1957	0.66	0.3774	0.2	-0.01	-0.22	-0.5	-0.11	0.04	0.05	0	0.13	-0.03	0.8074	0.7074
1958	0.67	0.3885	0.2	-0.01	-0.22	-0.52	-0.11	0.04	0.05	0	0.19	0	0.8985	0.7085
1959	0.69	0.3996	0.21	-0.01	-0.23	-0.53	-0.11	0.04	0.05	0	0.16	0	0.8996	0.7396
1960	0.7	0.4107	0.21	-0.01	-0.24	-0.55	-0.12	0.04	0.05	0	0.15	-0.13	0.7507	0.7307
1961	0.71	0.4107	0.22	-0.01	-0.25	-0.56	-0.12	0.04	0.05	0	0.11	-0.28	0.5707	0.7407
1962	0.72	0.4218	0.22	-0.01	-0.26	-0.58	-0.12	0.04	0.05	0	0.05	-0.33	0.4618	0.7418
1963	0.73	0.4329	0.23	-0.01	-0.27	-0.6	-0.12	0.04	0.05	0	0.04	-1.15	-0.3571	0.7529
1964	0.74	0.444	0.23	-0.01	-0.28	-0.61	-0.12	0.04	0.05	0	0.02	-1.8	-1.016	0.764
1965	0.75	0.4551	0.24	-0.01	-0.29	-0.63	-0.12	0.04	0.05	0.01	0.01	-1.08	-0.2849	0.7851
1966	0.76	0.4662	0.24	-0.01	-0.3	-0.65	-0.12	0.05	0.05	0.01	0.01	-0.58	0.2262	0.7962
1967	0.78	0.4884	0.25	-0.01	-0.31	-0.67	-0.13	0.05	0.05	0.01	0.05	-0.38	0.4884	0.8184
1968	0.79	0.4995	0.25	-0.01	-0.32	-0.68	-0.13	0.05	0.05	0.01	0.09	-0.68	0.2395	0.8295
1969	0.81	0.5217	0.26	-0.01	-0.33	-0.7	-0.13	0.05	0.05	0.01	0.08	-0.85	0.0917	0.8617
1970	0.83	0.5328	0.26	-0.01	-0.34	-0.72	-0.13	0.05	0.05	0.01	0.09	-0.43	0.5328	0.8728
1971	0.85	0.555	0.27	-0.02	-0.34	-0.72	-0.13	0.05	0.05	0.01	0.08	-0.15	0.845	0.915
1972	0.87	0.5772	0.28	-0.02	-0.34	-0.73	-0.13	0.05	0.05	0.01	0.08	-0.1	0.9372	0.9572
1973	0.88	0.5994	0.28	-0.02	-0.35	-0.73	-0.13	0.05	0.05	0.01	0.04	-0.2	0.8294	0.9894
1974	0.9	0.6216	0.29	-0.02	-0.35	-0.73	-0.13	0.05	0.05	0.01	0.02	-0.33	0.7316	1.0416
1975	0.92	0.6438	0.3	-0.02	-0.35	-0.73	-0.14	0.05	0.05	0.01	0.01	-0.75	0.3438	1.0838
1976	0.94	0.666	0.3	-0.02	-0.36	-0.74	-0.14	0.06	0.05	0.01	0	-0.35	0.776	1.126
1977	0.96	0.6882	0.31	-0.02	-0.36	-0.74	-0.14	0.06	0.05	0.01	0.04	-0.13	1.0882	1.1782
1978	0.99	0.7104	0.32	-0.03	-0.36	-0.74	-0.14	0.06	0.05	0.01	0.13	-0.2	1.1604	1.2304
1979	1.02	0.7326	0.32	-0.03	-0.37	-0.75	-0.14	0.06	0.05	0.01	0.17	-0.23	1.2126	1.2726
1980	1.05	0.7548	0.33	-0.03	-0.37	-0.75	-0.14	0.06	0.05	0.01	0.15	-0.13	1.3548	1.3348
1981	1.07	0.777	0.33	-0.03	-0.37	-0.76	-0.14	0.06	0.05	0.01	0.15	-0.13	1.387	1.367
1982	1.08	0.7992	0.34	-0.03	-0.38	-0.78	-0.14	0.06	0.05	0.01	0.09	-1.33	0.1492	1.3892
1983	1.11	0.8214	0.34	-0.03	-0.38	-0.79	-0.14	0.06	0.05	0.01	0.09	-1.88	-0.3586	1.4314
1984	1.14	0.8436	0.35	-0.04	-0.38	-0.8	-0.14	0.06	0.05	0.01	0.02	-0.75	0.7436	1.4736
1985	1.16	0.8658	0.35	-0.04	-0.39	-0.81	-0.14	0.06	0.05	0.01	0.01	-0.33	1.1858	1.5058
1986	1.18	0.8769	0.36	-0.04	-0.39	-0.82	-0.14	0.07	0.05	0.01	0.01	-0.35	1.2069	1.5469
1987	1.21	0.8991	0.36	-0.04	-0.39	-0.84	-0.14	0.07	0.05	0.02	0.01	-0.25	1.3491	1.5891
1988	1.24	0.9213	0.36	-0.04	-0.4	-0.85	-0.14	0.07	0.05	0.02	0.1	-0.2	1.5313	1.6313
1989	1.27	0.9435	0.37	-0.05	-0.4	-0.86	-0.15	0.07	0.05	0.02	0.15	-0.15	1.6635	1.6635
1990	1.29	0.9657	0.37	-0.05	-0.4	-0.87	-0.15	0.07	0.05	0.02	0.12	-0.15	1.6657	1.6957
1991	1.3	0.9879	0.37	-0.05	-0.4	-0.88	-0.15	0.07	0.05	0.02	0.13	-1.35	0.4979	1.7179
1992	1.32	0.999	0.38	-0.05	-0.4	-0.88	-0.15	0.07	0.05	0.02	0.14	-3.03	-1.131	1.759
1993	1.33	1.0101	0.38	-0.05	-0.39	-0.89	-0.15	0.07	0.04	0.02	0.06	-1.23	0.5901	1.7601
1994	1.35	1.0212	0.38	-0.06	-0.39	-0.89	-0.15	0.07	0.04	0.02	0.03	-0.5	1.3112	1.7812
1995	1.38	1.0212	0.38	-0.06	-0.38	-0.9	-0.15	0.07	0.04	0.03	0.02	-0.25	1.5812	1.8112
1996	1.4	1.0323	0.38	-0.06	-0.38	-0.9	-0.15	0.07	0.04	0.03	0	-0.18	1.6623	1.8423
1997	1.43	1.0434	0.38	-0.06	-0.38	-0.91	-0.15	0.07	0.04	0.03	0.02	-0.13	1.7634	1.8734
1998	1.46	1.0434	0.38	-0.06	-0.37	-0.91	-0.15	0.07	0.04	0.03	0.06	-0.08	1.8834	1.9034
1999	1.49	1.0545	0.39	-0.06	-0.37	-0.92	-0.15	0.07	0.04	0.03	0.1	-0.05	1.9945	1.9445
2000	1.51	1.0656	0.39	-0.06	-0.36	-0.92	-0.15	0.07	0.04	0.03	0.13	-0.05	2.0556	1.9756
2001	1.53	1.0656	0.39	-0.06	-0.36	-0.92	-0.15	0.07	0.04	0.03	0.11	-0.05	2.0556	1.9956
2002	1.56	1.0767	0.39	-0.05	-0.36	-0.92	-0.15	0.07	0.04	0.03	0.11	-0.05	2.1067	2.0467
2003	1.59	1.0767	0.39	-0.05	-0.36	-0.92	-0.15	0.07	0.04	0.03	0.04	-0.08	2.0367	2.0767
2004	1.62	1.0767	0.39	-0.05	-0.36	-0.91	-0.15	0.07	0.04	0.04	0.01	-0.05	2.0867	2.1267
2005	1.65	1.0878	0.39	-0.05	-0.36	-0.91	-0.15	0.07	0.04	0.04	-0.01	-0.08	2.0778	2.1678
2006	1.68	1.0878	0.4	-0.05	-0.36	-0.91	-0.15	0.07	0.04	0.04	-0.02	-0.1	2.0878	2.2078
2007	1.71	1.0989	0.4	-0.05	-0.35	-0.91	-0.15	0.07	0.04	0.04	-0.02	-0.1	2.1289	2.2489
2008	1.74	1.0989	0.4	-0.05	-0.35	-0.9	-0.15	0.07	0.04	0.05	-0.02	-0.2	2.0789	2.2989
2009	1.76	1.11	0.4	-0.05	-0.35	-0.9	-0.15	0.07	0.04	0.04	-0.03	-0.26	2.03	2.32
2010	1.79	1.1211	0.4	-0.05	-0.35	-0.9	-0.15	0.07	0.04	0.05	0	-0.2	2.1711	2.3711
2011	1.82	1.1211	0.4	-0.05	-0.35	-0.9	-0.15	0.07	0.04	0.05	0.03	-0.26	2.1711	2.4011
2012	1.845	1.141317554	0.40421	-0.05	-0.33158	-0.89037	-0.15211	0.07372	0.04	0.05	0.02852	-0.23684	2.253447554	2.461767554
2013	1.882	1.148699345	0.40842	-0.05	-0.31316	-0.88074	-0.15421	0.07473	0.04	0.05	0.02693	-0.22368	2.322149345	2.518899345
2014	1.909	1.159482215	0.41263	-0.05	-0.29474	-0.87111	-0.15632	0.07575	0.04	0.05	0.02535	-0.21052	2.384262215	2.569432215
Jun-15	1.943619059	1.168902116	0.41684	-0.05	-0.27632	-0.86147	-0.15842	0.07676	0.04	0.05	0.011105542	-0.19736	2.439976717	2.626231175
Jul-15	1.921492472	1.169395599	0.417190833	-0.05	-0.274784167	-0.8606675	-0.158595833	0.076845	0.04	0.05	0.036822544	-0.196265	2.446218115	2.605660571
Aug-15	1.904129538	1.170293621	0.417541667	-0.05	-0.273248333	-0.859865	-0.158771667	0.07693	0.04	0.05	-0.014935116	-0.19517	2.380153043	2.590258159
Sep-15	1.908172461	1.171135682	0.4178925	-0.05	-0.2717125	-0.8590625	-0.1589475	0.077015	0.04	0.05	-0.025448458	-0.194075	2.376682185	2.596205643
Oct-15	1.927804523	1.172053926	0.418243333	-0.05	-0.270176667	-0.85826	-0.159123333	0.0771	0.04	0.05	0.010876254	-0.19298	2.435714703	2.617818449
Nov-15	1.948969327	1.172669853	0.418594167	-0.05	-0.268640833	-0.8574575	-0.159299167	0.077185	0.04	0.05	0.019747042	-0.191885	2.468523722	2.64066168
Dec-15	1.966454093	1.173201977	0.418945	-0.05	-0.267105	-0.856655	-0.159475	0.07727	0.04	0.05	0.000162303	-0.19079	2.469113373	2.65974107
Jan-16	1.98109195	1.17364034	0.419295833	-0.05	-0.265569167	-0.8558525	-0.159650833	0.077355	0.04	0.05	0.006560528	-0.189695	2.492745318	2.67587979
Feb-16	1.995729806	1.174162322	0.419646667	-0.05	-0.264033333	-0.85505	-0.159826667	0.07744	0.04	0.05	0.009338142	-0.1886	2.51284027	2.692102128
Mar-16	2.006768582	1.174710767	0.4199975	-0.05	-0.2624975	-0.8542475	-0.1600025	0.077525	0.04	0.05	0.0085	-0.187505	2.52574685	2.70475185
Apr-16	2.014100444	1.174959649	0.420348333	-0.05	-0.260961667	-0.853445	-0.160178333	0.07761	0.04	0.05	0.007661858	-0.18641	2.534646952	2.713395094
May-16	2.015321574	1.175175223	0.420699167	-0.05	-0.259425833	-0.8526425	-0.160354167	0.077695	0.04	0.05	0.006823716	-0.185315	2.537403012	2.715894296
Jun-16	2.004594502	1.175257875	0.42105	-0.05	-0.25789	-0.85184	-0.16053	0.07778	0.04	0.05	0.005985574	-0.18422	2.528077951	2.706312377
Jul-16	1.984311436	1.175930585	0.421400833	-0.05	-0.256355	-0.8510375	-0.160705	0.077864167	0.04	0.05	0.005147432	-0.183125	2.509786953	2.687764521
Aug-16	1.966696779	1.176878653	0.421751667	-0.05	-0.25482	-0.850235	-0.16088	0.077948333	0.04	0.05	0.00430929	-0.18203	2.494439721	2.672160431
Sep-16	1.968200772	1.178042959	0.4221025	-0.05	-0.253285	-0.8494325	-0.161055	0.0780325	0.04	0.05	0.003471148	-0.180935	2.498427379	2.675891231
Oct-16	1.987719304	1.178946593	0.422453333	-0.05	-0.25175	-0.84863	-0.16123	0.078116667	0.04	0.05	0.002633006	-0.17984	2.520168903	2.697375897
Nov-16	2.007311983	1.179401302	0.422804167	-0.05	-0.250215	-0.8478275	-0.161405	0.078200833	0.04	0.05	0.001794864	-0.178745	2.541535648	2.718485784
Dec-16	2.021965702	1.179958754	0.423155	-0.05	-0.24868	-0.847025	-0.16158	0.078285	0.04	0.05	0.000956722	-0.17765	2.558066178	2.734759456
Jan-17	2.036619421	1.180529376	0.423505833	-0.05	-0.247145	-0.8462225	-0.161755	0.078369167	0.04	0.05	0.00011858	-0.176555	2.574609878	2.751046298
Feb-17	2.051273141	1.181099901	0.423856667	-0.05	-0.24561	-0.84542	-0.16193	0.078453333	0.04	0.05	-0.000719562	-0.17546	2.59115348	2.767333042
Mar-17	2.06592686	1.181670327	0.4242075	-0.05	-0.244075	-0.8446175	-0.162105	0.0785375	0.04	0.05	-0.001557704	-0.174365	2.607696983	2.783619687
Apr-17	NaN	NaN	0.424558333	-0.05	-0.24254	-0.843815	-0.16228	0.078621667	0.04	0.05	NaN	NaN	NaN	NaN
May-17	NaN	NaN	0.424909167	-0.05	-0.241005	-0.8430125	-0.162455	0.078705833	0.04	0.05	NaN	NaN	NaN	NaN
Jun-17	NaN	NaN	0.42526	-0.05	-0.23947	-0.84221	-0.16263	0.07879	0.04	0.05	NaN	NaN	NaN	NaN
